0,2.26666666418314
19,36.39666666587194
20,36.02333333219091
30,35.8633333320419
40,36.50333333263794
50,36.39666666587194
69,36.18333333233992
70,36.876666666318975
80,36.44999999925494
90,36.50333333263794
100,36.769999999552965
110,36.716666666169964
120,36.23666666572293
130,36.60999999940395
144,36.663333332786955
150,36.28999999910593
161,36.39666666587194
172,36.12999999895692
182,36.716666666169964
196,36.34333333248893
203,35.96999999880791
211,36.44999999925494
220,36.663333332786955
230,36.50333333263794
240,36.44999999925494
250,36.44999999925494
261,36.50333333263794
270,36.39666666587194
280,36.34333333248893
292,36.92999999970198
304,36.92999999970198
