0,2.1366666642328105
10,2.2266666635870935
21,2.6166666634380817
30,3.369999995579322
40,2.2766666638354462
50,2.2466666638851165
61,36.55666666602095
70,2.5166666634380817
80,36.55666666602095
90,35.96999999880791
100,36.60999999940395
112,36.28999999910593
120,36.50333333263794
131,36.44999999925494
140,36.55666666602095
150,36.44999999925494
160,36.28999999910593
170,36.60999999940395
180,2.0366666647295157
190,2.459999995927016
200,2.673333329955737
211,2.3633333303034307
220,2.4066666632890703
230,2.7733333284656205
241,36.44999999925494
250,35.916666665424906
260,36.663333332786955
273,36.28999999910593
280,36.28999999910593
290,36.60999999940395
301,36.50333333263794
