0,1.933333330353101
10,36.28999999910593
24,36.92999999970198
31,36.50333333263794
43,36.28999999910593
51,36.44999999925494
60,36.39666666587194
71,35.703333331892885
81,36.39666666587194
94,36.876666666318975
101,36.18333333233992
112,36.12999999895692
121,36.769999999552965
131,36.39666666587194
140,36.769999999552965
153,36.50333333263794
161,36.82333333293597
174,36.769999999552965
197,36.50333333263794
206,36.34333333248893
207,36.12999999895692
213,36.876666666318975
221,35.809999998658895
231,37.03666666646799
243,36.12999999895692
258,36.12999999895692
263,36.34333333248893
270,36.02333333219091
283,36.44999999925494
295,36.34333333248893
303,36.50333333263794
