0,2.2999999955296517
10,2.163333330800136
20,2.5966666631400583
31,2.2299999974668028
41,36.98333333308498
50,36.50333333263794
60,36.23666666572293
70,36.716666666169964
80,36.663333332786955
90,36.60999999940395
100,36.769999999552965
110,36.39666666587194
120,36.60999999940395
130,36.55666666602095
141,35.703333331892885
150,37.08999999985099
160,36.28999999910593
170,36.716666666169964
180,36.12999999895692
191,36.44999999925494
200,36.23666666572293
210,36.55666666602095
220,36.39666666587194
230,36.28999999910593
241,36.663333332786955
250,36.55666666602095
260,36.28999999910593
270,36.55666666602095
284,36.28999999910593
291,36.12999999895692
300,36.44999999925494
